1	1	2.54772494218015	2.24241036995798	3.55916932259119
2	1	3.18985887579771	1.53536070903778	4.34765514500843
3	1	3.03759372764891	1.62825966667469	4.49757383938869
4	1	2.58120119343208	1.59635267288544	3.57509466480732
5	1	2.48640552591174	2.16527514202944	3.32783784730769
6	1	2.72680652958465	0.0639133257436529	4.52367809513269
7	1	1.9031517571176	-1.35479569406052	4.58401804851253
8	1	3.075282552312	1.84593194811645	4.40774311317852
9	1	2.67923911924809	0.854415328156068	3.66037709364122
10	1	2.62052960357271	0.0732504617395927	4.40380035730036
11	1	1.33315726270676	1.23314318162572	2.24876228629654
12	1	3.61410202715611	1.39451051589123	4.0090771182424
13	1	2.41903390563729	2.07631164867091	4.29223867928286
14	1	2.22321715761047	2.02867442462618	3.1925318495286
15	1	2.53639159247651	-1.06711362160874	4.18021640129606
16	1	2.26975193589881	0.89199803930511	4.15636428885847
17	1	2.90772039623078	2.0657228695389	4.08161386974328
18	1	2.83872752474383	1.06677756514809	4.2846067309663
19	1	3.07111800045988	0.981329128053377	4.23288837167016
20	1	2.93767934210537	1.43983512804792	4.05046233440525
21	1	2.83919541573376	0.978701991995552	4.47555113018348
22	1	2.6775909936175	0.898126761246484	3.42715748333169
23	1	3.17934466353087	1.03921607871145	4.54046098361864
24	1	1.91500901772162	-0.823255865906966	3.58243501789307
25	1	1.85442123035277	-1.16475209117265	4.54609935641104
26	1	3.49638634199849	1.18325976272839	4.56198080809251
27	1	3.25963381734037	1.90983875729366	4.38545823997558
28	1	2.81054661914539	1.48727027845989	3.90974040227059
29	1	2.30906405909175	0.459321780898875	3.09430983691498
30	1	1.88007555027662	-0.0976128288670004	3.65653703119268
31	1	1.26384420136333	1.81628946697133	1.67184917255550
32	1	0.506817602368452	-0.736054681571222	0.924258901523332
33	1	2.81988968285775	0.670390193437329	3.72677717711694
34	1	2.31104917140618	2.10034650235973	4.22521199298234
35	1	1.95501146330166	1.39995068756738	4.35100025606876
36	1	3.45924613976873	1.61522115718983	4.35429566093557
37	1	3.47516010517257	1.93686940440316	4.59414968270463
38	1	2.67903325203172	2.12882676686058	3.755135249891
39	1	2.50617878506354	0.917490012449637	4.09001855185108
40	1	2.54026251408529	1.88555334851442	2.89508286540406
41	1	2.55567572067621	1.96697248678471	3.28282667336002
42	1	2.76260151570671	2.08442908319087	3.92173568428194
43	1	3.20368096548566	1.58841854521003	4.4794028605526
44	1	3.02388231697034	1.90538572930291	3.41611883433916
45	1	3.05437846898672	1.43389333991917	4.56261752806684
46	1	2.52516848744969	1.51534698903450	3.60288574094696
47	1	3.47546962603674	1.97727037906871	4.49213585735391
48	1	2.74566706467352	2.25769232410331	3.36919058552707
49	1	2.59629893767755	1.58329925482441	3.91238294064369
50	1	2.32512905742894	2.23130389098908	3.71347450096932
51	1	2.99207559605045	1.06298511102496	4.14394392271338
52	1	3.29353792917662	2.09001049302907	4.11074270803174
53	1	3.57864597371424	2.15825272210413	4.54498484267473
54	1	2.54694204070745	1.23168524289247	3.67152981577882
55	1	2.91300262595500	0.651282976461246	4.36472787009555
56	1	2.98835512921494	1.82083271671376	4.16475642646247
57	1	1.18448412774207	1.97241296892131	0.0704584636485614
58	1	3.06142637674935	2.23312782797882	4.46733239125298
59	1	3.30041894482160	2.05847323524364	4.09999523373092
60	1	2.64652934445396	1.72650958401994	3.78913194600303
